15 15
0 0 0 0 0 0 0 0 1 0 0 0 0 0 0 
0 1 0 0 0 0 0 0 0 0 0 0 0 1 0 
0 0 0 0 0 0 1 0 0 0 1 0 0 0 0 
0 0 0 0 0 0 11 0 0 0 0 0 0 0 0 
0 0 1 2 10 10 10 10 10 3 0 1 0 0 0 
0 0 1 10 10 10 10 10 10 10 3 0 1 0 0 
0 0 0 10 10 10 10 10 10 10 10 3 0 0 0 
0 0 0 6 10 10 10 10 10 10 10 10 0 0 0 
0 0 0 0 10 10 10 10 10 10 10 7 0 0 0 
0 1 0 0 10 10 10 10 10 10 7 0 1 0 0 
0 0 0 0 6 10 10 10 7 1 0 0 0 0 0 
0 1 0 1 0 0 15 0 1 0 0 0 0 0 0 
0 0 1 0 0 0 0 0 1 0 0 0 0 1 0 
0 0 0 1 1 0 0 0 0 0 0 0 0 1 0 
0 0 0 0 1 0 0 0 1 0 0 0 0 0 0 
